1743429468601 9.900000000000001e-05 10
1743429481115 9.8e-05 20
1743429488061 9.7e-05 30
1743429494297 9.6e-05 40
1743429501333 9.5e-05 50
1743429507488 9.4e-05 60
1743429513354 9.300000000000001e-05 70
1743429519631 9.200000000000001e-05 80
1743429525463 9.1e-05 90
1743429531302 9e-05 100
1743429538051 8.900000000000001e-05 110
1743429543895 8.800000000000001e-05 120
1743429549790 8.7e-05 130
1743429555625 8.6e-05 140
1743429561441 8.5e-05 150
1743429567248 8.4e-05 160
1743429573552 8.3e-05 170
1743429579794 8.2e-05 180
1743429586231 8.1e-05 190
1743429592586 8e-05 200
1743429599899 7.900000000000001e-05 210
1743429606355 7.800000000000001e-05 220
1743429612339 7.7e-05 230
1743429618176 7.6e-05 240
1743429624005 7.500000000000001e-05 250
1743429629832 7.4e-05 260
1743429635767 7.3e-05 270
1743429641751 7.2e-05 280
1743429647593 7.1e-05 290
1743429653420 7e-05 300
1743429659858 6.9e-05 310
1743429665723 6.800000000000001e-05 320
1743429671552 6.7e-05 330
1743429677368 6.6e-05 340
1743429683205 6.500000000000001e-05 350
1743429689043 6.400000000000001e-05 360
1743429695116 6.3e-05 370
1743429701054 6.2e-05 380
1743429707687 6.1e-05 390
1743429713889 6e-05 400
1743429720255 5.9e-05 410
1743429726123 5.8e-05 420
1743429731993 5.6999999999999996e-05 430
1743429737840 5.6000000000000006e-05 440
1743429744052 5.500000000000001e-05 450
1743429750596 5.4000000000000005e-05 460
1743429757149 5.300000000000001e-05 470
1743429763665 5.2000000000000004e-05 480
1743429770264 5.1000000000000006e-05 490
1743429776568 5e-05 500
1743429783146 4.9e-05 510
1743429789008 4.8e-05 520
1743429794871 4.7e-05 530
1743429800772 4.600000000000001e-05 540
1743429806716 4.5e-05 550
1743429812688 4.4000000000000006e-05 560
1743429818654 4.3e-05 570
1743429824558 4.2e-05 580
1743429830506 4.1e-05 590
1743429836462 4e-05 600
1743429842739 3.9000000000000006e-05 610
1743429848774 3.8e-05 620
1743429854717 3.7e-05 630
1743429860966 3.6e-05 640
1743429867227 3.5e-05 650
1743429873569 3.4000000000000007e-05 660
1743429879828 3.3e-05 670
1743429886096 3.2000000000000005e-05 680
1743429892309 3.1e-05 690
1743429898284 3e-05 700
1743429904667 2.9e-05 710
1743429910526 2.8000000000000003e-05 720
1743429916383 2.7000000000000002e-05 730
1743429922238 2.6000000000000002e-05 740
1743429928094 2.5e-05 750
1743429933956 2.4e-05 760
1743429939816 2.3000000000000003e-05 770
1743429945675 2.2000000000000003e-05 780
1743429951534 2.1e-05 790
1743429957392 2e-05 800
1743429963568 1.9e-05 810
1743429969426 1.8e-05 820
1743429975283 1.7000000000000003e-05 830
1743429981146 1.6000000000000003e-05 840
1743429987001 1.5e-05 850
1743429992858 1.4000000000000001e-05 860
1743429998717 1.3000000000000001e-05 870
1743430004573 1.2e-05 880
1743430010427 1.1000000000000001e-05 890
1743430016288 1e-05 900
1743430022473 9e-06 910
1743430028351 8.000000000000001e-06 920
1743430034379 7.000000000000001e-06 930
1743430040577 6e-06 940
1743430047016 5e-06 950
1743430053019 4.000000000000001e-06 960
1743430058880 3e-06 970
1743430064745 2.0000000000000003e-06 980
1743430070617 1.0000000000000002e-06 990
1743430077029 0.0 1000
