1743429468601 0.6127207756042481 10
1743429481115 0.44162721633911134 20
1743429488061 0.3483570098876953 30
1743429494297 0.27735443115234376 40
1743429501333 0.20168132781982423 50
1743429507488 0.15066947937011718 60
1743429513354 0.11521739959716797 70
1743429519631 0.0870269775390625 80
1743429525463 0.06477928161621094 90
1743429531302 0.06789188385009766 100
1743429538051 0.05033302307128906 110
1743429543895 0.036005401611328126 120
1743429549790 0.033070945739746095 130
1743429555625 0.031110763549804688 140
1743429561441 0.02091064453125 150
1743429567248 0.018505668640136717 160
1743429573552 0.017593002319335936 170
1743429579794 0.018860244750976564 180
1743429586231 0.014785575866699218 190
1743429592586 0.01455230712890625 200
1743429599899 0.013481521606445312 210
1743429606355 0.012723922729492188 220
1743429612339 0.008583450317382812 230
1743429618176 0.011972999572753907 240
1743429624005 0.009214019775390625 250
1743429629832 0.007667160034179688 260
1743429635767 0.006341743469238281 270
1743429641751 0.00577239990234375 280
1743429647593 0.009214019775390625 290
1743429653420 0.005784225463867187 300
1743429659858 0.006031608581542969 310
1743429665723 0.010469627380371094 320
1743429671552 0.007316780090332031 330
1743429677368 0.005802536010742187 340
1743429683205 0.005272293090820312 350
1743429689043 0.004695892333984375 360
1743429695116 0.004697608947753906 370
1743429701054 0.004384613037109375 380
1743429707687 0.0034122467041015625 390
1743429713889 0.003610992431640625 400
1743429720255 0.004494094848632812 410
1743429726123 0.004150962829589844 420
1743429731993 0.0036272048950195313 430
1743429737840 0.0028944015502929688 440
1743429744052 0.0029096603393554688 450
1743429750596 0.0022092819213867187 460
1743429757149 0.0036092758178710937 470
1743429763665 0.0026277542114257813 480
1743429770264 0.0021574020385742186 490
1743429776568 0.0018280029296875 500
1743429783146 0.0044036865234375 510
1743429789008 0.0022104263305664064 520
1743429794871 0.0029857635498046877 530
1743429800772 0.00236968994140625 540
1743429806716 0.0030731201171875 550
1743429812688 0.002464103698730469 560
1743429818654 0.0017244338989257813 570
1743429824558 0.003580474853515625 580
1743429830506 0.0030870437622070312 590
1743429836462 0.0020221710205078126 600
1743429842739 0.0021015167236328124 610
1743429848774 0.002249336242675781 620
1743429854717 0.00174102783203125 630
1743429860966 0.010423088073730468 640
1743429867227 0.0030696868896484377 650
1743429873569 0.0022611618041992188 660
1743429879828 0.0021562576293945312 670
1743429886096 0.0031080245971679688 680
1743429892309 0.001999664306640625 690
1743429898284 0.0020235061645507814 700
1743429904667 0.0027341842651367188 710
1743429910526 0.002358818054199219 720
1743429916383 0.002410888671875 730
1743429922238 0.002698326110839844 740
1743429928094 0.0016115188598632812 750
1743429933956 0.001885986328125 760
1743429939816 0.0025409698486328126 770
1743429945675 0.0017057418823242187 780
1743429951534 0.0025760650634765623 790
1743429957392 0.001528167724609375 800
1743429963568 0.0012485504150390625 810
1743429969426 0.001450347900390625 820
1743429975283 0.0012065887451171875 830
1743429981146 0.0012451171875 840
1743429987001 0.001374053955078125 850
1743429992858 0.0013769149780273437 860
1743429998717 0.0018232345581054687 870
1743430004573 0.004409980773925781 880
1743430010427 0.0015130996704101562 890
1743430016288 0.0019018173217773438 900
1743430022473 0.0013080596923828124 910
1743430028351 0.0017007827758789063 920
1743430034379 0.0010835647583007813 930
1743430040577 0.0016717910766601562 940
1743430047016 0.0014850616455078125 950
1743430053019 0.0031423568725585938 960
1743430058880 0.0013074874877929688 970
1743430064745 0.001944732666015625 980
1743430070617 0.0017324447631835937 990
1743430077029 0.0011608123779296875 1000
