1743429468601 4.20746374130249 10
1743429481115 2.850898504257202 20
1743429488061 1.019837737083435 30
1743429494297 1.0479189157485962 40
1743429501333 0.986143946647644 50
1743429507488 0.6750375032424927 60
1743429513354 1.4858909845352173 70
1743429519631 1.4693584442138672 80
1743429525463 0.5548266172409058 90
1743429531302 1.5315860509872437 100
1743429538051 1.1913100481033325 110
1743429543895 0.4335644543170929 120
1743429549790 0.4150922894477844 130
1743429555625 0.522256076335907 140
1743429561441 0.805783212184906 150
1743429567248 0.2145128697156906 160
1743429573552 0.6098896861076355 170
1743429579794 0.6208198666572571 180
1743429586231 0.11662513017654419 190
1743429592586 0.1084442138671875 200
1743429599899 0.15824580192565918 210
1743429606355 0.2928409278392792 220
1743429612339 0.140238955616951 230
1743429618176 0.1200740784406662 240
1743429624005 1.7243627309799194 250
1743429629832 0.33240002393722534 260
1743429635767 0.05793830752372742 270
1743429641751 0.04566790163516998 280
1743429647593 0.09849924594163895 290
1743429653420 0.5754726529121399 300
1743429659858 0.4268971383571625 310
1743429665723 0.0685930922627449 320
1743429671552 0.06320520490407944 330
1743429677368 0.042810145765542984 340
1743429683205 0.22155581414699554 350
1743429689043 0.19519087672233582 360
1743429695116 0.034942321479320526 370
1743429701054 0.0764748752117157 380
1743429707687 0.0681549459695816 390
1743429713889 0.04141952842473984 400
1743429720255 0.32384032011032104 410
1743429726123 0.048184316605329514 420
1743429731993 0.2971113920211792 430
1743429737840 0.05370888486504555 440
1743429744052 0.027646971866488457 450
1743429750596 0.046013668179512024 460
1743429757149 0.07049045711755753 470
1743429763665 0.06773731112480164 480
1743429770264 0.10378405451774597 490
1743429776568 0.1113630086183548 500
1743429783146 0.07385186105966568 510
1743429789008 0.02079438976943493 520
1743429794871 0.018173452466726303 530
1743429800772 0.06247689202427864 540
1743429806716 0.12595193088054657 550
1743429812688 0.07970546185970306 560
1743429818654 0.1092185229063034 570
1743429824558 0.9529320597648621 580
1743429830506 0.030643735080957413 590
1743429836462 0.03409053757786751 600
1743429842739 0.1162375882267952 610
1743429848774 0.06465131789445877 620
1743429854717 0.13343894481658936 630
1743429860966 0.8161363005638123 640
1743429867227 0.028477534651756287 650
1743429873569 0.02363605983555317 660
1743429879828 0.02383245714008808 670
1743429886096 0.5536420941352844 680
1743429892309 0.15019062161445618 690
1743429898284 0.05753174424171448 700
1743429904667 0.035070836544036865 710
1743429910526 0.3803926706314087 720
1743429916383 0.20706002414226532 730
1743429922238 0.0340522862970829 740
1743429928094 0.03833252191543579 750
1743429933956 0.15763895213603973 760
1743429939816 0.01505344919860363 770
1743429945675 0.07169825583696365 780
1743429951534 0.047529276460409164 790
1743429957392 0.03562219440937042 800
1743429963568 0.04451654851436615 810
1743429969426 0.017435116693377495 820
1743429975283 0.021731771528720856 830
1743429981146 0.01676131971180439 840
1743429987001 0.03813399747014046 850
1743429992858 0.14835752546787262 860
1743429998717 0.0703515112400055 870
1743430004573 2.2384960651397705 880
1743430010427 0.027701398357748985 890
1743430016288 0.02230112999677658 900
1743430022473 0.017624784260988235 910
1743430028351 0.013273576274514198 920
1743430034379 0.06974781304597855 930
1743430040577 0.09547146409749985 940
1743430047016 0.051855284720659256 950
1743430053019 1.4529409408569336 960
1743430058880 0.014508198946714401 970
1743430064745 0.036759622395038605 980
1743430070617 0.21618999540805817 990
1743430077029 0.029154248535633087 1000
