1743183840605 9.900000000000001e-05 10
1743183843661 9.8e-05 20
1743183844917 9.7e-05 30
1743183846176 9.6e-05 40
1743183847429 9.5e-05 50
1743183848684 9.4e-05 60
1743183849902 9.300000000000001e-05 70
1743183851171 9.200000000000001e-05 80
1743183852441 9.1e-05 90
1743183853696 9e-05 100
1743183855799 8.900000000000001e-05 110
1743183856998 8.800000000000001e-05 120
1743183858257 8.7e-05 130
1743183859486 8.6e-05 140
1743183860736 8.5e-05 150
1743183861972 8.4e-05 160
1743183863209 8.3e-05 170
1743183864473 8.2e-05 180
1743183865668 8.1e-05 190
1743183866968 8e-05 200
1743183868700 7.900000000000001e-05 210
1743183869989 7.800000000000001e-05 220
1743183871259 7.7e-05 230
1743183872453 7.6e-05 240
1743183873794 7.500000000000001e-05 250
1743183875316 7.4e-05 260
1743183876841 7.3e-05 270
1743183878362 7.2e-05 280
1743183879961 7.1e-05 290
1743183881474 7e-05 300
1743183883586 6.9e-05 310
1743183884920 6.800000000000001e-05 320
1743183886385 6.7e-05 330
1743183887755 6.6e-05 340
1743183889395 6.500000000000001e-05 350
1743183890749 6.400000000000001e-05 360
1743183892099 6.3e-05 370
1743183893425 6.2e-05 380
1743183894710 6.1e-05 390
1743183896128 6e-05 400
1743183897864 5.9e-05 410
1743183899188 5.8e-05 420
1743183900513 5.6999999999999996e-05 430
1743183901864 5.6000000000000006e-05 440
1743183903185 5.500000000000001e-05 450
1743183904505 5.4000000000000005e-05 460
1743183905846 5.300000000000001e-05 470
1743183907315 5.2000000000000004e-05 480
1743183908728 5.1000000000000006e-05 490
1743183910013 5e-05 500
1743183911575 4.9e-05 510
1743183912871 4.8e-05 520
1743183914226 4.7e-05 530
1743183915554 4.600000000000001e-05 540
1743183916868 4.5e-05 550
1743183918160 4.4000000000000006e-05 560
1743183919447 4.3e-05 570
1743183920743 4.2e-05 580
1743183922084 4.1e-05 590
1743183923350 4e-05 600
1743183925154 3.9000000000000006e-05 610
1743183926561 3.8e-05 620
1743183927829 3.7e-05 630
1743183929144 3.6e-05 640
1743183930639 3.5e-05 650
1743183932187 3.4000000000000007e-05 660
1743183933454 3.3e-05 670
1743183934961 3.2000000000000005e-05 680
1743183936444 3.1e-05 690
1743183937886 3e-05 700
1743183939538 2.9e-05 710
1743183940945 2.8000000000000003e-05 720
1743183942316 2.7000000000000002e-05 730
1743183943788 2.6000000000000002e-05 740
1743183945154 2.5e-05 750
1743183946560 2.4e-05 760
1743183947905 2.3000000000000003e-05 770
1743183949237 2.2000000000000003e-05 780
1743183950619 2.1e-05 790
1743183951926 2e-05 800
1743183953456 1.9e-05 810
1743183954726 1.8e-05 820
1743183956059 1.7000000000000003e-05 830
1743183957571 1.6000000000000003e-05 840
1743183958983 1.5e-05 850
1743183960292 1.4000000000000001e-05 860
1743183961609 1.3000000000000001e-05 870
1743183962976 1.2e-05 880
1743183964319 1.1000000000000001e-05 890
1743183965710 1e-05 900
1743183967471 9e-06 910
1743183968814 8.000000000000001e-06 920
1743183970134 7.000000000000001e-06 930
1743183971457 6e-06 940
1743183972773 5e-06 950
1743183974118 4.000000000000001e-06 960
1743183975435 3e-06 970
1743183976724 2.0000000000000003e-06 980
1743183978079 1.0000000000000002e-06 990
1743183979409 0.0 1000
