1743183840605 0.702561902999878 10
1743183843661 0.5522369861602783 20
1743183844917 0.43012428283691406 30
1743183846176 0.33328876495361326 40
1743183847429 0.24880199432373046 50
1743183848684 0.20692157745361328 60
1743183849902 0.18760910034179687 70
1743183851171 0.14354801177978516 80
1743183852441 0.11433219909667969 90
1743183853696 0.07005138397216797 100
1743183855799 0.08148574829101562 110
1743183856998 0.05769901275634766 120
1743183858257 0.04939765930175781 130
1743183859486 0.04450492858886719 140
1743183860736 0.04295501708984375 150
1743183861972 0.05504531860351562 160
1743183863209 0.042697906494140625 170
1743183864473 0.027152633666992186 180
1743183865668 0.0188446044921875 190
1743183866968 0.01915283203125 200
1743183868700 0.013274002075195312 210
1743183869989 0.01728363037109375 220
1743183871259 0.022843170166015624 230
1743183872453 0.0233184814453125 240
1743183873794 0.009543991088867188 250
1743183875316 0.016486358642578126 260
1743183876841 0.027086639404296876 270
1743183878362 0.019422149658203124 280
1743183879961 0.006401443481445312 290
1743183881474 0.006972885131835938 300
1743183883586 0.005385589599609375 310
1743183884920 0.007907867431640625 320
1743183886385 0.0040721893310546875 330
1743183887755 0.013138580322265624 340
1743183889395 0.006595993041992187 350
1743183890749 0.005012130737304688 360
1743183892099 0.013680648803710938 370
1743183893425 0.00305633544921875 380
1743183894710 0.0028514862060546875 390
1743183896128 0.005261993408203125 400
1743183897864 0.0054149627685546875 410
1743183899188 0.004482269287109375 420
1743183900513 0.0023860931396484375 430
1743183901864 0.00908203125 440
1743183903185 0.0033847808837890623 450
1743183904505 0.00182647705078125 460
1743183905846 0.003943252563476563 470
1743183907315 0.0024745941162109377 480
1743183908728 0.00307464599609375 490
1743183910013 0.0022563934326171875 500
1743183911575 0.003662872314453125 510
1743183912871 0.003501129150390625 520
1743183914226 0.002266693115234375 530
1743183915554 0.0034969329833984377 540
1743183916868 0.003950881958007813 550
1743183918160 0.0014041900634765626 560
1743183919447 0.0026012420654296874 570
1743183920743 0.002724456787109375 580
1743183922084 0.0019195556640625 590
1743183923350 0.004455184936523438 600
1743183925154 0.002301788330078125 610
1743183926561 0.0019947052001953124 620
1743183927829 0.00142822265625 630
1743183929144 0.0020427703857421875 640
1743183930639 0.0018756866455078125 650
1743183932187 0.001712799072265625 660
1743183933454 0.0014110565185546874 670
1743183934961 0.0022487640380859375 680
1743183936444 0.002288818359375 690
1743183937886 0.003730010986328125 700
1743183939538 0.007706069946289062 710
1743183940945 0.0023639678955078127 720
1743183942316 0.0024456024169921876 730
1743183943788 0.0074981689453125 740
1743183945154 0.0027740478515625 750
1743183946560 0.0030017852783203124 760
1743183947905 0.001549530029296875 770
1743183949237 0.011026382446289062 780
1743183950619 0.0024280548095703125 790
1743183951926 0.00477142333984375 800
1743183953456 0.00123748779296875 810
1743183954726 0.0019123077392578125 820
1743183956059 0.0014312744140625 830
1743183957571 0.001927947998046875 840
1743183958983 0.001396942138671875 850
1743183960292 0.001973724365234375 860
1743183961609 0.0013835906982421875 870
1743183962976 0.000884246826171875 880
1743183964319 0.002126312255859375 890
1743183965710 0.001422119140625 900
1743183967471 0.001611328125 910
1743183968814 0.0020263671875 920
1743183970134 0.00153350830078125 930
1743183971457 0.00186767578125 940
1743183972773 0.001800537109375 950
1743183974118 0.002573394775390625 960
1743183975435 0.000811767578125 970
1743183976724 0.001537322998046875 980
1743183978079 0.0017314910888671874 990
1743183979409 0.0008148193359375 1000
