1743183840605 11.2146577835083 10
1743183843661 6.799895286560059 20
1743183844917 2.268702745437622 30
1743183846176 5.0871663093566895 40
1743183847429 5.328395843505859 50
1743183848684 5.218973159790039 60
1743183849902 1.5071409940719604 70
1743183851171 1.5954571962356567 80
1743183852441 3.554471731185913 90
1743183853696 7.939517021179199 100
1743183855799 3.918705701828003 110
1743183856998 4.4391045570373535 120
1743183858257 0.5552955865859985 130
1743183859486 4.143803596496582 140
1743183860736 1.3054680824279785 150
1743183861972 1.5351746082305908 160
1743183863209 0.6312246322631836 170
1743183864473 0.3412853181362152 180
1743183865668 0.48726531863212585 190
1743183866968 0.16105075180530548 200
1743183868700 1.2541379928588867 210
1743183869989 0.1786942034959793 220
1743183871259 0.6469029784202576 230
1743183872453 0.5121155977249146 240
1743183873794 0.6727514863014221 250
1743183875316 0.15724365413188934 260
1743183876841 2.0514907836914062 270
1743183878362 0.17293128371238708 280
1743183879961 0.21392710506916046 290
1743183881474 0.518030047416687 300
1743183883586 0.10119588673114777 310
1743183884920 0.312182754278183 320
1743183886385 0.11040052026510239 330
1743183887755 0.10055194050073624 340
1743183889395 3.3124897480010986 350
1743183890749 0.2112019658088684 360
1743183892099 0.045779816806316376 370
1743183893425 0.14935527741909027 380
1743183894710 0.10343923419713974 390
1743183896128 0.03916880488395691 400
1743183897864 0.5613229274749756 410
1743183899188 0.9758983254432678 420
1743183900513 0.028414102271199226 430
1743183901864 0.7126461863517761 440
1743183903185 0.16837084293365479 450
1743183904505 0.0658259242773056 460
1743183905846 0.06013578921556473 470
1743183907315 0.09325114637613297 480
1743183908728 0.025939686223864555 490
1743183910013 0.3136245906352997 500
1743183911575 0.40128931403160095 510
1743183912871 0.06142371892929077 520
1743183914226 0.02569526992738247 530
1743183915554 0.5001171827316284 540
1743183916868 0.11041918396949768 550
1743183918160 0.02541225031018257 560
1743183919447 0.4670208692550659 570
1743183920743 0.8324643969535828 580
1743183922084 0.027637440711259842 590
1743183923350 0.005366163793951273 600
1743183925154 0.02272464893758297 610
1743183926561 0.6884178519248962 620
1743183927829 0.01136910542845726 630
1743183929144 0.03292221948504448 640
1743183930639 0.06667260080575943 650
1743183932187 0.01550526637583971 660
1743183933454 0.07039684057235718 670
1743183934961 0.06213021278381348 680
1743183936444 0.0917050838470459 690
1743183937886 0.4864169657230377 700
1743183939538 4.050678253173828 710
1743183940945 0.1491539627313614 720
1743183942316 0.11879263818264008 730
1743183943788 0.023488199338316917 740
1743183945154 0.2573257088661194 750
1743183946560 0.0940258651971817 760
1743183947905 0.1436217576265335 770
1743183949237 0.030423413962125778 780
1743183950619 0.00933024100959301 790
1743183951926 0.008178707212209702 800
1743183953456 0.0359361506998539 810
1743183954726 0.05840679258108139 820
1743183956059 0.007790396921336651 830
1743183957571 0.015236377716064453 840
1743183958983 0.051852233707904816 850
1743183960292 0.18807561695575714 860
1743183961609 0.015467013232409954 870
1743183962976 0.0142902173101902 880
1743183964319 0.06514135748147964 890
1743183965710 0.02617521584033966 900
1743183967471 0.059020526707172394 910
1743183968814 0.04103920981287956 920
1743183970134 0.032693132758140564 930
1743183971457 0.29113054275512695 940
1743183972773 0.06734457612037659 950
1743183974118 0.005395688582211733 960
1743183975435 0.011461760848760605 970
1743183976724 0.04444083571434021 980
1743183978079 0.27300119400024414 990
1743183979409 0.01712390035390854 1000
