1743430483606 0 0
1743430490728 10 10
1743430496057 20 20
1743430501598 30 30
1743430507042 40 40
1743430512789 50 50
1743430518159 60 60
1743430523860 70 70
1743430529469 80 80
1743430534854 90 90
1743430540257 100 100
1743430545665 110 110
1743430551176 120 120
1743430556593 130 130
1743430562013 140 140
1743430567420 150 150
1743430572849 160 160
1743430578260 170 170
1743430583694 180 180
1743430589161 190 190
1743430594633 200 200
1743430600129 210 210
1743430605605 220 220
1743430611039 230 230
1743430616477 240 240
1743430621908 250 250
1743430627367 260 260
1743430632803 270 270
1743430638248 280 280
1743430643700 290 290
1743430649165 300 300
1743430654616 310 310
1743430660027 320 320
1743430665442 330 330
1743430670850 340 340
1743430676229 350 350
1743430681586 360 360
1743430686953 370 370
1743430692323 380 380
1743430697762 390 390
1743430703188 400 400
1743430708603 410 410
1743430714022 420 420
1743430719428 430 430
