1743430483606 0.0001 0
1743430490728 0.0001 10
1743430496057 0.0001 20
1743430501598 0.0001 30
1743430507042 0.0001 40
1743430512789 0.0001 50
1743430518159 0.0001 60
1743430523860 0.0001 70
1743430529469 0.0001 80
1743430534854 0.0001 90
1743430540257 0.0001 100
1743430545665 0.0001 110
1743430551176 0.0001 120
1743430556593 0.0001 130
1743430562013 0.0001 140
1743430567420 0.0001 150
1743430572849 0.0001 160
1743430578260 0.0001 170
1743430583694 0.0001 180
1743430589161 0.0001 190
1743430594633 0.0001 200
1743430600129 0.0001 210
1743430605605 0.0001 220
1743430611039 0.0001 230
1743430616477 0.0001 240
1743430621908 0.0001 250
1743430627367 0.0001 260
1743430632803 0.0001 270
1743430638248 0.0001 280
1743430643700 0.0001 290
1743430649165 0.0001 300
1743430654616 0.0001 310
1743430660027 0.0001 320
1743430665442 0.0001 330
1743430670850 0.0001 340
1743430676229 0.0001 350
1743430681586 0.0001 360
1743430686953 0.0001 370
1743430692323 0.0001 380
1743430697762 0.0001 390
1743430703188 0.0001 400
1743430708603 0.0001 410
1743430714022 0.0001 420
1743430719428 0.0001 430
