1743430483606 0.7017731070518494 0
1743430490728 0.6982736587524414 10
1743430496057 0.6972752809524536 20
1743430501598 0.6936992406845093 30
1743430507042 0.6875323057174683 40
1743430512789 0.6842825412750244 50
1743430518159 0.6795002818107605 60
1743430523860 0.6807187795639038 70
1743430529469 0.6796267628669739 80
1743430534854 0.6793614029884338 90
1743430540257 0.6737937927246094 100
1743430545665 0.6720359325408936 110
1743430551176 0.6676316857337952 120
1743430556593 0.6687522530555725 130
1743430562013 0.6585419774055481 140
1743430567420 0.6582521200180054 150
1743430572849 0.6547024846076965 160
1743430578260 0.6499906778335571 170
1743430583694 0.6525575518608093 180
1743430589161 0.6438286900520325 190
1743430594633 0.6419839262962341 200
1743430600129 0.6394479870796204 210
1743430605605 0.6365180015563965 220
1743430611039 0.6356936693191528 230
1743430616477 0.6336353421211243 240
1743430621908 0.6296908855438232 250
1743430627367 0.6297943592071533 260
1743430632803 0.6280214786529541 270
1743430638248 0.6233928799629211 280
1743430643700 0.6217407584190369 290
1743430649165 0.6193141341209412 300
1743430654616 0.6163890957832336 310
1743430660027 0.6163249611854553 320
1743430665442 0.6106875538825989 330
1743430670850 0.6090757846832275 340
1743430676229 0.605466365814209 350
1743430681586 0.6063861846923828 360
1743430686953 0.604636013507843 370
1743430692323 0.6026718616485596 380
1743430697762 0.6012495160102844 390
1743430703188 0.5993087291717529 400
1743430708603 0.5960087776184082 410
1743430714022 0.5968353152275085 420
1743430719428 0.5926279425621033 430
