1743430483606 0 0
1743430490728 0 10
1743430496057 0 20
1743430501598 0 30
1743430507042 0 40
1743430512789 0 50
1743430518159 0 60
1743430523860 0 70
1743430529469 0 80
1743430534854 0 90
1743430540257 0 100
1743430545665 0 110
1743430551176 0 120
1743430556593 0 130
1743430562013 0 140
1743430567420 0 150
1743430572849 0 160
1743430578260 0 170
1743430583694 0 180
1743430589161 0 190
1743430594633 0 200
1743430600129 0 210
1743430605605 0 220
1743430611039 0 230
1743430616477 0 240
1743430621908 0 250
1743430627367 0 260
1743430632803 0 270
1743430638248 0 280
1743430643700 0 290
1743430649165 0 300
1743430654616 0 310
1743430660027 0 320
1743430665442 0 330
1743430670850 0 340
1743430676229 0 350
1743430681586 0 360
1743430686953 0 370
1743430692323 0 380
1743430697762 0 390
1743430703188 0 400
1743430708603 0 410
1743430714022 0 420
1743430719428 0 430
