1743430483606 100000 0
1743430490728 100000 10
1743430496057 100000 20
1743430501598 100000 30
1743430507042 100000 40
1743430512789 100000 50
1743430518159 100000 60
1743430523860 100000 70
1743430529469 100000 80
1743430534854 100000 90
1743430540257 100000 100
1743430545665 100000 110
1743430551176 100000 120
1743430556593 100000 130
1743430562013 100000 140
1743430567420 100000 150
1743430572849 100000 160
1743430578260 100000 170
1743430583694 100000 180
1743430589161 100000 190
1743430594633 100000 200
1743430600129 100000 210
1743430605605 100000 220
1743430611039 100000 230
1743430616477 100000 240
1743430621908 100000 250
1743430627367 100000 260
1743430632803 100000 270
1743430638248 100000 280
1743430643700 100000 290
1743430649165 100000 300
1743430654616 100000 310
1743430660027 100000 320
1743430665442 100000 330
1743430670850 100000 340
1743430676229 100000 350
1743430681586 100000 360
1743430686953 100000 370
1743430692323 100000 380
1743430697762 100000 390
1743430703188 100000 400
1743430708603 100000 410
1743430714022 100000 420
1743430719428 100000 430
