1743430483606 0 0
1743430490728 8 10
1743430496057 13 20
1743430501598 19 30
1743430507042 24 40
1743430512789 30 50
1743430518159 35 60
1743430523860 41 70
1743430529469 47 80
1743430534854 52 90
1743430540257 57 100
1743430545665 63 110
1743430551176 68 120
1743430556593 74 130
1743430562013 79 140
1743430567420 84 150
1743430572849 90 160
1743430578260 95 170
1743430583694 101 180
1743430589161 106 190
1743430594633 112 200
1743430600129 117 210
1743430605605 123 220
1743430611039 128 230
1743430616477 134 240
1743430621908 139 250
1743430627367 144 260
1743430632803 150 270
1743430638248 155 280
1743430643700 161 290
1743430649165 166 300
1743430654616 172 310
1743430660027 177 320
1743430665442 183 330
1743430670850 188 340
1743430676229 193 350
1743430681586 199 360
1743430686953 204 370
1743430692323 209 380
1743430697762 215 390
1743430703188 220 400
1743430708603 226 410
1743430714022 231 420
1743430719428 236 430
