1743430483606 2 0
1743430490728 22 10
1743430496057 42 20
1743430501598 62 30
1743430507042 82 40
1743430512789 102 50
1743430518159 122 60
1743430523860 142 70
1743430529469 162 80
1743430534854 182 90
1743430540257 202 100
1743430545665 222 110
1743430551176 242 120
1743430556593 262 130
1743430562013 282 140
1743430567420 302 150
1743430572849 322 160
1743430578260 342 170
1743430583694 362 180
1743430589161 382 190
1743430594633 402 200
1743430600129 422 210
1743430605605 442 220
1743430611039 462 230
1743430616477 482 240
1743430621908 502 250
1743430627367 522 260
1743430632803 542 270
1743430638248 562 280
1743430643700 582 290
1743430649165 602 300
1743430654616 622 310
1743430660027 642 320
1743430665442 662 330
1743430670850 682 340
1743430676229 702 350
1743430681586 722 360
1743430686953 742 370
1743430692323 762 380
1743430697762 782 390
1743430703188 802 400
1743430708603 822 410
1743430714022 842 420
1743430719428 862 430
